19.136	0
55.148	511
55.177	568
55.732	2896
59.059	4344
59.603	5792
59.874	7240
60.216	8688
60.555	10136
60.870	11584
61.158	13032
61.870	14480
86.368	15928
87.310	18824
87.753	20272
87.962	21720
88.235	23168
88.627	24616
88.915	26064
89.215	27512
89.558	28960
94.914	31856
95.356	33304
95.502	34752
96.008	36200
96.123	37648
96.746	40544
97.256	41992
97.438	43440
105.475	46336
108.722	47784
108.849	49232
145.791	52128
146.108	53576
146.535	55024
146.756	56472
147.151	57920
148.281	60816
148.740	62264
148.999	63712
149.955	65160
150.378	68056
150.948	69504
151.558	70952
151.855	72400
152.546	73081
