20.625	0
45.204	511
45.232	568
46.321	5792
46.857	7240
47.311	8688
49.223	10136
49.622	11584
50.105	13032
50.589	14480
62.284	15928
62.582	17376
64.323	18824
65.261	20272
65.684	21720
66.887	23168
67.274	24616
67.598	26064
68.350	27512
69.238	28960
70.059	30408
70.297	31856
70.895	33304
71.230	34752
72.030	36200
75.545	37648
76.224	39096
76.548	40544
77.601	41992
77.890	43440
79.750	44888
80.065	46336
80.732	47784
81.029	49232
81.937	50680
82.282	52128
82.973	53576
83.333	55024
84.562	56472
84.864	57920
85.467	59368
85.772	60816
90.961	62264
91.282	63712
91.759	65160
92.407	66608
92.580	68056
93.200	69504
93.327	70952
93.951	72400
94.412	73081
