17.048	0
41.777	511
41.805	568
42.858	5792
43.923	7240
45.098	10136
45.436	11584
45.758	13032
46.089	14480
58.996	15928
59.220	17376
59.931	18824
60.173	20272
60.545	21720
60.798	23168
61.241	24616
61.498	26064
62.549	28960
63.573	30408
63.711	31856
64.364	33304
64.481	34752
65.514	37648
66.445	40544
67.557	41992
67.696	43440
77.278	44888
77.468	46336
78.187	47784
78.479	49232
81.403	50680
82.248	52128
82.508	53576
84.277	55024
84.477	56472
85.274	57920
85.648	59368
86.324	60816
86.766	62264
91.541	63712
91.943	65160
92.059	66608
92.551	68056
92.696	69504
93.133	70952
93.346	72400
93.584	73081
