16.993	0
202.308	511
202.332	568
203.173	5792
204.689	8309
204.947	9757
205.279	11205
205.910	12653
206.156	14101
220.650	15549
220.876	16997
221.199	18445
221.425	19893
221.970	21341
222.109	22789
222.934	24237
223.078	25685
226.091	28581
226.871	30029
227.012	31477
227.818	32925
228.122	34373
228.984	37269
230.761	38717
230.881	40165
236.805	41613
270.154	43061
270.432	44509
270.730	45957
271.013	47405
271.316	48853
272.195	50301
272.330	51749
272.826	53197
294.889	54645
295.189	56093
295.369	57541
295.805	58989
295.941	60437
296.434	61885
296.551	63333
305.684	64781
306.481	66229
306.875	67677
307.076	69125
308.063	70573
308.204	72021
308.658	73081
