17.317	0
40.480	511
40.504	568
41.633	5792
46.074	7240
46.576	8688
46.942	10136
47.383	11584
48.381	13032
53.104	14480
57.360	15928
57.827	17376
58.318	18824
62.707	20272
63.357	21720
63.491	23168
86.873	24616
87.080	26064
87.816	27512
87.987	28960
88.777	30408
88.914	31856
89.601	33304
89.873	34752
90.526	36200
90.845	37648
91.651	39096
92.992	40544
93.518	41992
93.740	43440
94.252	44888
94.428	46336
94.981	47784
95.814	49232
96.474	50680
96.738	52128
97.434	53576
98.366	55024
104.292	56472
104.434	57920
105.205	59368
105.524	60816
106.022	62264
106.494	63712
107.188	65160
107.638	66608
108.426	69504
109.211	70952
109.624	72400
109.871	73081
