17.615	0
43.718	511
43.931	568
45.205	8760
45.292	11584
46.069	13032
46.262	14480
62.646	17376
63.411	18824
63.595	20272
68.316	21720
68.632	23168
68.870	24616
69.241	26064
69.492	27512
69.869	28960
70.119	30408
70.496	31856
71.779	33304
72.131	34752
72.409	36200
72.777	37648
73.036	39096
73.503	40544
85.505	43440
86.313	44888
86.493	46336
87.355	47784
88.410	49232
88.899	50680
89.202	52128
89.731	55024
90.251	56472
90.367	57920
91.082	59368
91.202	60816
112.246	63712
113.288	65160
113.404	66608
113.989	69504
114.577	70952
115.632	73081
