22.680	0
52.507	511
52.537	568
53.441	5792
54.294	7240
54.472	8688
54.931	10136
55.336	11584
56.363	14480
70.898	15928
71.096	17376
71.494	18824
71.643	20272
72.240	23168
73.481	26064
74.255	27512
74.376	28960
75.085	30408
76.539	31856
76.763	33304
77.093	34752
77.474	36200
77.616	37648
78.251	40544
79.138	41992
79.316	43440
90.626	46336
91.044	47784
91.445	49232
92.215	52128
93.117	53576
93.232	55024
94.458	56472
94.756	57920
95.116	59368
97.026	60816
100.399	63712
101.016	65653
256.681	67101
257.146	68549
257.257	69997
257.842	71445
258.188	72893
258.693	73081
