17.209	0
59.548	511
59.573	568
60.421	4344
60.689	5792
60.989	7240
62.788	8688
63.138	10136
64.236	11584
64.714	13032
64.964	14480
79.163	15928
79.591	17376
80.379	18824
80.872	20272
82.056	23168
82.725	24616
83.166	26064
84.068	27512
84.223	28960
84.948	30408
85.238	31856
85.900	33304
86.105	34752
86.652	36200
87.712	37648
88.157	39096
88.462	40544
89.036	41992
89.413	43440
97.963	44888
98.143	46336
98.872	47784
99.235	49232
99.575	50680
99.946	52128
101.221	53576
101.546	55024
102.249	56472
102.425	57920
102.990	59368
103.433	60816
104.492	62264
104.816	63712
105.520	65160
110.081	66608
110.594	68056
111.224	69504
111.710	70952
112.402	72400
112.588	73081
