17.356	0
42.106	511
42.129	568
42.735	4344
43.378	5792
43.535	7240
43.990	8688
44.284	10136
44.498	11584
45.803	13032
46.095	14480
59.431	15928
59.692	17376
60.048	18824
60.285	20272
61.104	21720
61.367	23168
67.147	24616
67.273	26064
67.691	27512
67.932	28960
68.298	30408
68.533	31856
68.923	33304
69.161	34752
69.565	36200
70.803	37648
71.188	39096
71.418	40544
71.844	41992
72.065	43440
81.411	44888
81.637	46336
81.981	47784
82.257	49232
82.616	50680
82.944	52128
83.285	53576
83.622	55024
86.897	56472
87.187	57920
87.480	59368
92.934	60816
93.787	62264
96.050	63712
102.516	65160
102.862	66608
103.767	68056
103.972	69504
104.372	70952
104.615	72400
104.817	73081
