17.043	0
41.583	511
41.607	568
42.226	5792
43.869	8688
44.172	10136
44.549	11584
44.803	13032
45.119	14480
63.795	17376
67.585	18824
67.809	20272
69.752	21720
76.459	23168
79.891	24616
80.654	26064
85.157	28960
85.537	30408
86.869	31856
92.102	33304
92.192	34752
92.704	36200
97.527	37648
98.738	40544
99.266	41992
99.400	43440
99.802	44888
100.040	46336
101.905	47784
102.028	49232
102.581	50680
102.997	52128
121.134	55024
121.381	56472
121.774	57920
123.074	60816
128.997	63712
129.311	65160
130.631	66608
132.597	68056
132.692	69504
133.214	70952
133.764	72400
134.012	73081
